equation1:
xDataSet= [0.0, 0.1, 0.2, 0.3, 0.4, 0.5, 0.6, 0.7, 0.8, 0.9, 1.0, 1.1, 1.2, 1.3, 1.4, 1.5, 1.6, 1.7, 1.8, 1.9, 2.0, 2.1, 2.2, 2.3, 2.4, 2.5, 2.6, 2.7, 2.8, 2.9, 3.0, 3.1, 3.2, 3.3, 3.4, 3.5, 3.6, 3.7, 3.8, 3.9, 4.0, 4.1, 4.2, 4.3, 4.4, 4.5, 4.6, 4.7, 4.8, 4.9, 5.0, 5.1, 5.2, 5.3, 5.4, 5.5, 5.6, 5.7, 5.8, 5.9, 6.0, 6.1, 6.2, 6.3]
yDataSet= [0.414551, 0.534459, 0.682073, 0.643164, 0.768891, 0.660281, 0.664503, 0.828999, 1.02235, 1.08677, 1.07689, 1.05097, 1.18515, 1.18178, 0.895727, 0.79358, 0.804691, 0.859215, 0.916542, 0.731479, 0.61559, 0.638317, 0.583177, 0.46666, 0.366097, 0.289775, 0.170107, 0.0399892, -0.0634148, -0.16235, -0.274137, -0.390202, -0.388586, -0.627472, -0.460055, -0.566657, -0.718847, -0.616809, -0.946822, -1.13584, -0.782122, -0.992098, -1.20449, -1.01899, -1.16592, -1.19063, -0.812425, -1.10856, -0.752746, -0.655559, -0.737509, -0.799995, -0.546093, -0.531922, -0.516011, -0.472423, -0.348306, -0.190675, -0.0981659, 0.0110435, 0.110407, 0.207854, 0.379377, 0.400733]
polynomial= [c3=-0.33864975, c2=3.014143, c1=-7.037815, c0=3.307129], MSE= 5.1735783

equation2:
xDataSet= [0.0, 0.1, 0.2, 0.3, 0.4, 0.5, 0.6, 0.7, 0.8, 0.9, 1.0, 1.1, 1.2, 1.3, 1.4, 1.5, 1.6, 1.7, 1.8, 1.9, 2.0, 2.1, 2.2, 2.3, 2.4, 2.5, 2.6, 2.7, 2.8, 2.9, 3.0, 3.1, 3.2, 3.3, 3.4, 3.5, 3.6, 3.7, 3.8, 3.9, 4.0, 4.1, 4.2, 4.3, 4.4, 4.5, 4.6, 4.7, 4.8, 4.9, 5.0, 5.1, 5.2, 5.3, 5.4, 5.5, 5.6, 5.7, 5.8, 5.9, 6.0, 6.1, 6.2, 6.3]
yDataSet= [0.414551, 0.534459, 0.682073, 0.643164, 0.768891, 0.660281, 0.664503, 0.828999, 1.02235, 1.08677, 1.07689, 1.05097, 1.18515, 1.18178, 0.895727, 0.79358, 0.804691, 0.859215, 0.916542, 0.731479, 0.61559, 0.638317, 0.583177, 0.46666, 0.366097, 0.289775, 0.170107, 0.0399892, -0.0634148, -0.16235, -0.274137, -0.390202, -0.388586, -0.627472, -0.460055, -0.566657, -0.718847, -0.616809, -0.946822, -1.13584, -0.782122, -0.992098, -1.20449, -1.01899, -1.16592, -1.19063, -0.812425, -1.10856, -0.752746, -0.655559, -0.737509, -0.799995, -0.546093, -0.531922, -0.516011, -0.472423, -0.348306, -0.190675, -0.0981659, 0.0110435, 0.110407, 0.207854, 0.379377, 0.400733]
polynomial= [c5=0.75619316, c4=-6.0942793, c3=8.587746, c2=6.930214, c1=9.735626, c0=9.484446], MSE= 9532.148

equation3:
xDataSet= [0.0, 0.1, 0.2, 0.3, 0.4, 0.5, 0.6, 0.7, 0.8, 0.9, 1.0, 1.1, 1.2, 1.3, 1.4, 1.5, 1.6, 1.7, 1.8, 1.9, 2.0, 2.1, 2.2, 2.3, 2.4, 2.5, 2.6, 2.7, 2.8, 2.9, 3.0, 3.1, 3.2, 3.3, 3.4, 3.5, 3.6, 3.7, 3.8, 3.9, 4.0, 4.1, 4.2, 4.3, 4.4, 4.5, 4.6, 4.7, 4.8, 4.9, 5.0, 5.1, 5.2, 5.3, 5.4, 5.5, 5.6, 5.7, 5.8, 5.9, 6.0, 6.1, 6.2, 6.3]
yDataSet= [0.414551, 0.534459, 0.682073, 0.643164, 0.768891, 0.660281, 0.664503, 0.828999, 1.02235, 1.08677, 1.07689, 1.05097, 1.18515, 1.18178, 0.895727, 0.79358, 0.804691, 0.859215, 0.916542, 0.731479, 0.61559, 0.638317, 0.583177, 0.46666, 0.366097, 0.289775, 0.170107, 0.0399892, -0.0634148, -0.16235, -0.274137, -0.390202, -0.388586, -0.627472, -0.460055, -0.566657, -0.718847, -0.616809, -0.946822, -1.13584, -0.782122, -0.992098, -1.20449, -1.01899, -1.16592, -1.19063, -0.812425, -1.10856, -0.752746, -0.655559, -0.737509, -0.799995, -0.546093, -0.531922, -0.516011, -0.472423, -0.348306, -0.190675, -0.0981659, 0.0110435, 0.110407, 0.207854, 0.379377, 0.400733]
polynomial= [c6=-0.55103683, c5=4.6893635, c4=-8.3332815, c3=-0.11883831, c2=-9.878802, c1=-9.763249, c0=-9.883603], MSE= 118204.26

equation4:
xDataSet= [0.0, 0.1, 0.2, 0.3, 0.4, 0.5, 0.6, 0.7, 0.8, 0.9, 1.0, 1.1, 1.2, 1.3, 1.4, 1.5, 1.6, 1.7, 1.8, 1.9, 2.0, 2.1, 2.2, 2.3, 2.4, 2.5, 2.6, 2.7, 2.8, 2.9, 3.0, 3.1, 3.2, 3.3, 3.4, 3.5, 3.6, 3.7, 3.8, 3.9, 4.0, 4.1, 4.2, 4.3, 4.4, 4.5, 4.6, 4.7, 4.8, 4.9, 5.0, 5.1, 5.2, 5.3, 5.4, 5.5, 5.6, 5.7, 5.8, 5.9, 6.0, 6.1, 6.2, 6.3]
yDataSet= [0.414551, 0.534459, 0.682073, 0.643164, 0.768891, 0.660281, 0.664503, 0.828999, 1.02235, 1.08677, 1.07689, 1.05097, 1.18515, 1.18178, 0.895727, 0.79358, 0.804691, 0.859215, 0.916542, 0.731479, 0.61559, 0.638317, 0.583177, 0.46666, 0.366097, 0.289775, 0.170107, 0.0399892, -0.0634148, -0.16235, -0.274137, -0.390202, -0.388586, -0.627472, -0.460055, -0.566657, -0.718847, -0.616809, -0.946822, -1.13584, -0.782122, -0.992098, -1.20449, -1.01899, -1.16592, -1.19063, -0.812425, -1.10856, -0.752746, -0.655559, -0.737509, -0.799995, -0.546093, -0.531922, -0.516011, -0.472423, -0.348306, -0.190675, -0.0981659, 0.0110435, 0.110407, 0.207854, 0.379377, 0.400733]
polynomial= [c4=0.098176, c3=-0.062127113, c2=-4.6098194, c1=9.875196, c0=1.2260952], MSE= 55.9627

equation5:
xDataSet= [0.0, 0.1, 0.2, 0.3, 0.4, 0.5, 0.6, 0.7, 0.8, 0.9, 1.0, 1.1, 1.2, 1.3, 1.4, 1.5, 1.6, 1.7, 1.8, 1.9, 2.0, 2.1, 2.2, 2.3, 2.4, 2.5, 2.6, 2.7, 2.8, 2.9, 3.0, 3.1, 3.2, 3.3, 3.4, 3.5, 3.6, 3.7, 3.8, 3.9, 4.0, 4.1, 4.2, 4.3, 4.4, 4.5, 4.6, 4.7, 4.8, 4.9, 5.0, 5.1, 5.2, 5.3, 5.4, 5.5, 5.6, 5.7, 5.8, 5.9, 6.0, 6.1, 6.2, 6.3]
yDataSet= [0.414551, 0.534459, 0.682073, 0.643164, 0.768891, 0.660281, 0.664503, 0.828999, 1.02235, 1.08677, 1.07689, 1.05097, 1.18515, 1.18178, 0.895727, 0.79358, 0.804691, 0.859215, 0.916542, 0.731479, 0.61559, 0.638317, 0.583177, 0.46666, 0.366097, 0.289775, 0.170107, 0.0399892, -0.0634148, -0.16235, -0.274137, -0.390202, -0.388586, -0.627472, -0.460055, -0.566657, -0.718847, -0.616809, -0.946822, -1.13584, -0.782122, -0.992098, -1.20449, -1.01899, -1.16592, -1.19063, -0.812425, -1.10856, -0.752746, -0.655559, -0.737509, -0.799995, -0.546093, -0.531922, -0.516011, -0.472423, -0.348306, -0.190675, -0.0981659, 0.0110435, 0.110407, 0.207854, 0.379377, 0.400733]
polynomial= [c10=0.19169044, c9=-2.0640316, c8=6.375784, c7=-6.0265255, c6=1.825388, c5=9.51289, c4=9.952307, c3=9.791281, c2=9.829958, c1=9.821711, c0=9.735207], MSE= 3.43509427E9

